(0, 0) 0.7599331394870871 1.0121439871360214
(0, 1) 0.7865030804728407 1.7274819591474333
(0, 2) 0.5804332769499816 2.6441454571970486
(0, 3) 0.8225455223480055 2.499337298226217
(1, 0) 2.0571572677947074 1.2932593165726207
(1, 1) 1.9568641203192676 1.4558980820961993
(1, 2) 1.8740954263732368 2.923547963401475
(1, 3) 1.9594535339095025 3.1404073997612
(2, 0) 2.7830734391185725 1.209515734826047
(2, 1) 2.7944856942843885 1.4309208729409733
(2, 2) 3.123417001969014 2.9613773787252393
(2, 3) 3.2321798898703897 3.121305164573623
(3, 0) 3.9951234237850426 0.9906480161311115
(3, 1) 3.7708732185113343 1.8732086831532895
(3, 2) 3.9629880355446594 2.982927792876725
(3, 3) 3.970931289420133 3.4654561180930576
